function x = init_struc ()
x = 6.95454545454